020101003801201906
020101012701201906
020101012709201906
020101013501201906
020101013509201906
020101014301201906
020101014307201906
020101014309201906
020101016001201906
020101016009201906
020101020801201906
020101020809201906
020101024001201906
020101024007201906
020101024009201906
020101025901201906
020101026701201906
020101026707201906
020101026709201906
020101027503201906
020101027507201906
020101027509201906
020101030501201906
020101030507201906
020101030509201906
020101031301201906
020101031307201906
020101031309201906
020101032101201906
020101032107201906
020101032109201906
020101033001201906
020101033007201906
020101033009201906
020101040201201906
020101040207201906
020101040209201906
020101053401201906
020101053409201906
020101055001201906
020101055009201906
020904003301201906
020904003307201906
020904003309201906
020904005001201906
020904005007201906
020904005009201906
021105009101201906
021105010503201906
021105010507201906
021105010509201906
021105014801201906
030106001003201906
030106001007201906
030106007001201906
030106007003201906
030106007007201906
030106007009201906
030106008803201906
030109001703201906
030109001709201906
030109001713201906
030109002503201906
030109002509201906
030109002513201906
030301001003201906
030301001007201906
030301002903201906
030301002907201906
030301003703201906
030301003707201906
030301004503201906
030301004507201906
030301005303201906
030301005307201906
030301006103201906
030301006107201906
030301007003201906
030301007007201906
030301008803201906
030301008807201906
030301009603201906
030301009607201906
030301010003201906
030301010007201906
030301011803201906
030301011807201906
030301012603201906
030301012607201906
030301013403201906
030301013407201906
030301014203201906
030301014207201906
030301015003201906
030301015007201906
030301016903201906
030301016907201906
030301017703201906
030301017707201906
030301018503201906
030301018507201906
030301019303201906
030301019307201906
030301020703201906
030301020707201906
030301021503201906
030301021506201906
030301021507201906
030302003203201906
030302003207201906
030302004003201906
030302004007201906
030302005903201906
030302005907201906
030302006703201906
030302006707201906
030302007503201906
030302007507201906
030302008303201906
030302008307201906
030303001107201906
030303001111201906
030303002003201906
030303002007201906
030303003803201906
030303003807201906
030303004603201906
030303004607201906
030303005403201906
030303005407201906
030303006203201906
030303006207201906
030304001703201906
030304001707201906
030304002503201906
030304002507201906
030304003303201906
030304003307201906
030304004103201906
030304004107201906
030304005003201906
030304005007201906
030304006803201906
030304006807201906
030304007603201906
030304007607201906
030304008401201906
030304008403201906
030304008407201906
030304009201201906
030304009203201906
030304009207201906
030304010603201906
030304010607201906
030304011401201906
030304011403201906
030304011407201906
030304012201201906
030304012203201906
030304012207201906
030304013003201906
030304013007201906
030304014903201906
030304014907201906
030304015703201906
030304015707201906
030304016503201906
030304016507201906
030304017303201906
030304017307201906
030304018103201906
030304019003201906
030304019007201906
030304020303201906
030304020307201906
030304021103201906
030304021107201906
030304022003201906
030304022007201906
030304023803201906
030304023807201906
030304024603201906
030304024607201906
030304025403201906
030304025407201906
030304026203201906
030304026207201906
030304027003201906
030304027007201906
030304028903201906
030304029703201906
030304029707201906
030304030003201906
030305013603201906
030305013607201906
030305014403201906
030305014407201906
030306001803201906
030306001807201906
030306002603201906
030306002607201906
030306003403201906
030306003407201906
030306004203201906
030306004207201906
030306005003201906
030306005007201906
030306006903201906
030306006907201906
030306007703201906
030306007707201906
030306008503201906
030306008507201906
030306009303201906
030306009307201906
030306010703201906
030306010707201906
030306011503201906
030306011507201906
030306012303201906
030306012307201906
030306013103201906
030306013107201906
030306014003201906
030306014007201906
030306015803201906
030306015807201906
030306016603201906
030306016607201906
030306017403201906
030306017407201906
030306018203201906
030306018207201906
030306019003201906
030306019007201906
030306020403201906
030306020407201906
030306021203201906
030306021207201906
030306022001201906
030306022003201906
030306022007201906
030306023903201906
030306023907201906
030306024703201906
030306024707201906
030306025503201906
030306025507201906
030306026303201906
030306026307201906
030306027103201906
030306027107201906
030306028003201906
030306028007201906
030306029803201906
030306029807201906
030306030103201906
030306030107201906
030307006403201906
030307006407201906
030307007203201906
030307007207201906
030307008003201906
030307008007201906
030307009903201906
030307009907201906
030307010203201906
030307010207201906
030307011003201906
030307011007201906
030307012903201906
030307012907201906
030307013701201906
030308004303201906
030308004307201906
030308005103201906
030308005107201906
030308006003201906
030308006007201906
030308007803201906
030308007807201906
030308008603201906
030308008607201906
030308009403201906
030308009407201906
030309013803201906
030309013807201906
030309013809201906
030309019703201906
030309019707201906
030309019709201906
030309023503201906
030309023507201906
030309023509201906
030309031603201906
030309031607201906
030310001002201906
030310001003201906
030310001007201906
030310002802201906
030310002803201906
030310002807201906
030310003602201906
030310003603201906
030310003607201906
030310004402201906
030310004403201906
030310004407201906
030310005202201906
030310005203201906
030310005207201906
030311001503201906
030311001507201906
030311002303201906
030311002307201906
030311003103201906
030311003107201906
030311004003201906
030311004007201906
030311005803201906
030311005807201906
030311006603201906
030311006607201906
030311007403201906
030311007407201906
030311008203201906
030311008207201906
030311009003201906
030311009007201906
030311010403201906
030311010407201906
030311011203201906
030311011207201906
030313001604201906
030313002404201906
030313003204201906
030313004004201906
030313005904201906
030313006704201906
030313007504201906
030313008304201906
030314002003201906
030314002007201906
030314003803201906
030314003807201906
030314004603201906
030314004607201906
030314005403201906
030314005407201906
030314006203201906
030314006207201906
030314007003201906
030314007007201906
030314008903201906
030314008907201906
030314009703201906
030314009707201906
030314010003201906
030314010007201906
030314011903201906
030314011907201906
030314012703201906
030314012707201906
030314013503201906
030314013507201906
030314014303201906
030314014307201906
030314015103201906
030314015107201906
030315001703201906
030315001707201906
030315002503201906
030315002507201906
030315003303201906
030315003307201906
030315004103201906
030315004107201906
030315005003201906
030315005007201906
030315006803201906
030315006807201906
030316001207201906
030316002007201906
030316003907201906
030316004707201906
030316005507201906
030316006307201906
030316007107201906
030317009305201906
030317009307201906
030317010707201906
030317010714201906
030317013102201906
030317013103201906
030317013105201906
030317013107201906
030317013187201906
030317014002201906
030317014003201906
030317014005201906
030317014007201906
030317014087201906
030317015802201906
030317015803201906
030317015805201906
030317015807201906
030317015887201906
030317016602201906
030317016603201906
030317016605201906
030317016607201906
030317016687201906
030317017402201906
030317017403201906
030317017405201906
030317017407201906
030317017487201906
030317018202201906
030317018203201906
030317018205201906
030317018207201906
030317018287201906
030317019005201906
030317019007201906
030317020405201906
030317020407201906
030318001303201906
030318001307201906
030318003003201906
030318003007201906
030318004803201906
030318004807201906
030318005603201906
030318005607201906
030318006403201906
030318006407201906
030318007207201906
030318007210201906
030319001903201906
030319001907201906
030319001908201906
030401004903201906
030401005703201906
030401006503201906
030401011103201906
030401011107201906
030401016203201906
030401032403201906
030401033203201906
030401035903201906
030401035907201906
030401049903201906
030401049907201906
030401059603201906
030401059607201906
030408002003201906
030408002007201906
030408003903201906
030408003907201906
030408003909201906
030408004703201906
030408006303201906
030409001803201906
030409001807201906
030409002603201906
030409002607201906
030409003403201906
030409003407201906
030409004203201906
030409004207201906
030410001303201906
030410001307201906
030410001309201906
030410002103201906
030410002107201906
030501017403201906
030501017407201906
030502001303201906
030502001307201906
030502002103201906
030502002107201906
030502003003201906
030502003007201906
030502004803201906
030502004807201906
030502005603201906
030502005607201906
030701005801201906
030701005803201906
030701005807201906
030701005809201906
030702003701201906
030702003703201906
030702003707201906
030702003709201906
030702004501201906
030702004503201906
030702004507201906
030702004509201906
030702005301201906
030702005303201906
030702005307201906
030702005309201906
030702006101201906
030702006103201906
030702006107201906
030702006109201906
030702008801201906
030702008803201906
030702008807201906
030702008809201906
030702009601201906
030702009603201906
030702009607201906
030702009609201906
030702010001201906
030702010003201906
030702010007201906
030702010009201906
030702011801201906
030702011803201906
030702011807201906
030702011809201906
030703003201201906
030703003203201906
030703003207201906
030703003209201906
030704001101201906
030704001103201906
030704001107201906
030704001109201906
030704006201201906
030704006203201906
030704006207201906
030704006209201906
030704008901201906
030704008903201906
030704008907201906
030704008909201906
030801001901201906
030801001903201906
030801001907201906
030801002703201906
030801002707201906
030801003501201906
030801003503201906
030801003507201906
030801004301201906
030801004303201906
030801004307201906
030802002203201906
030802002207201906
030802003003201906
030802003007201906
030803001003201906
030803001007201906
030803002803201906
030803002807201906
030803003601201906
030803003603201906
030803003607201906
030803003683201906
030804001501201906
030804001503201906
030804001507201906
030804002303201906
030804002307201906
030901003901201906
030901003903201906
030901003907201906
031001003901201906
031001003902201906
031001003903201906
031001004701201906
031001004702201906
031001004703201906
031001005502201906
040102001001201906
040102001007201906
040102001009201906
040102002901201906
040102002907201906
040102002909201906
040102003701201906
040102003707201906
040102003709201906
040102004501201906
040102004507201906
040102004509201906
040102005301201906
040102005307201906
040102005309201906
040102006101201906
040102006107201906
040102006109201906
040102007001201906
040102007007201906
040102007009201906
040102008801201906
040102008807201906
040102008809201906
040102009601201906
040102009607201906
040102009609201906
040102010001201906
040102010007201906
040102010009201906
040102011801201906
040102011807201906
040102011809201906
040102012601201906
040102012607201906
040102012609201906
040102013401201906
040102013409201906
040102014201201906
040102014207201906
040102014209201906
040102015001201906
040102015007201906
040102015009201906
040102016901201906
040102016907201906
040102016909201906
040201001901201906
040201001907201906
040201002701201906
040201002707201906
040201003501201906
040201003507201906
040201003509201906
040201004301201906
040201004307201906
040201004309201906
040201005101201906
040201005107201906
040202001401201906
040202001407201906
040202002201201906
040202002207201906
040301001201201906
040301001207201906
040301002001201906
040301002007201906
040301003901201906
040301003907201906
040301004701201906
040301004707201906
040301005501201906
040301005507201906
040301006301201906
040301006307201906
040301007101201906
040301007107201906
040301008001201906
040301008007201906
040301008009201906
040301009801201906
040301009807201906
040301010101201906
040301010107201906
040301011001201906
040301011007201906
040301012801201906
040301012807201906
040301013601201906
040301013607201906
040301014401201906
040301014407201906
040301015201201906
040301015207201906
040301016001201906
040301016007201906
040301017901201906
040301017907201906
040301018701201906
040301018707201906
040301019501201906
040301019507201906
040301020901201906
040301020907201906
040301021701201906
040301021707201906
040301022501201906
040301022507201906
040301023301201906
040301023307201906
040301024101201906
040301024107201906
040301025001201906
040301025007201906
040301026801201906
040301026807201906
040301027601201906
040301027607201906
040301028401201906
040301028407201906
040301029201201906
040301029207201906
040301030601201906
040301030607201906
040301031401201906
040301031407201906
040301032201201906
040301032207201906
040301033001201906
040301033007201906
040301034901201906
040301034907201906
040301035701201906
040301035707201906
040301036501201906
040301036507201906
040301039001201906
040301039003201906
040301039007201906
040302001801201906
040302001807201906
040302002601201906
040302002607201906
040302003401201906
040302003407201906
040302004201201906
040302004207201906
040302005001201906
040302005007201906
040302006901201906
040302006907201906
040302007701201906
040302007707201906
040302007709201906
040302008501201906
040302008507201906
040302008509201906
040302009301201906
040302009307201906
040302009309201906
040302010701201906
040302010707201906
040302011501201906
040302011507201906
040302012301201906
040302012307201906
040302012309201906
040302013101201906
040302013107201906
040303001301201906
040303001307201906
040303002101201906
040303002107201906
040303003001201906
040303003007201906
040303004801201906
040303004807201906
040303005601201906
040303005607201906
040303006401201906
040303006407201906
040303008001201906
040303008007201906
040303009901201906
040303009907201906
040303010201201906
040303010207201906
040303011001201906
040303011007201906
040303012901201906
040303012907201906
040303013701201906
040303013707201906
040303014501201906
040303014507201906
040303015301201906
040303015307201906
040303016101201906
040303016107201906
040303017001201906
040303017007201906
040304001901201906
040304001907201906
040304002701201906
040304002707201906
040304005101201906
040304005107201906
040304006001201906
040304006007201906
040304007801201906
040304007807201906
040304008601201906
040304008607201906
040304009401201906
040304009407201906
040304010801201906
040304010807201906
040304011601201906
040304011607201906
040304012401201906
040304012407201906
040305003001201906
040305003003201906
040305003007201906
040305004901201906
040305004907201906
040305005701201906
040305006501201906
040305006507201906
040305007301201906
040305007307201906
040305009001201906
040305009007201906
040305009009201906
040305010301201906
040305010307201906
040305010309201906
040305011101201906
040305011107201906
040305012001201906
040305012007201906
040305013801201906
040305013807201906
040305014601201906
040305014607201906
040305015401201906
040305015407201906
040305016201201906
040306001001201906
040306001007201906
040306002801201906
040306002807201906
040306003601201906
040306003607201906
040306004401201906
040306004407201906
040306005201201906
040306005207201906
040306006001201906
040306006007201906
040306007901201906
040306007907201906
040306008701201906
040306008707201906
040306009501201906
040306009507201906
040307001501201906
040307004001201906
040307004007201906
040307005801201906
040307005807201906
040307008201201906
040307009001201906
040307010401201906
040307011201201906
040307012001201906
040307013901201906
040307013907201906
040307014701201906
040307014707201906
040307015501201906
040307015507201906
040307016301201906
040307016307201906
040308001001201906
040308002901201906
040308003701201906
040308004501201906
040308005301201906
040308005307201906
040308006101201906
040308007001201906
040308007007201906
040308008801201906
040308008807201906
040308009601201906
040308009607201906
040308010001201906
040401001601201906
040401001605201906
040401001609201906
040401002401201906
040401002407201906
040401002409201906
040401003201201906
040401003207201906
040401003209201906
040401004001201906
040401004007201906
040401004009201906
040401005901201906
040401005907201906
040401005909201906
040401006701201906
040401006707201906
040401006709201906
040401008301201906
040401008307201906
040401008309201906
040401010501201906
040401010507201906
040401010509201906
040401011301201906
040401011307201906
040401011309201906
040401012101201906
040401012107201906
040401012109201906
040401013001201906
040401013007201906
040401013009201906
040401014801201906
040401014807201906
040401014809201906
040401016401201906
040401016407201906
040401016409201906
040401017201201906
040401017207201906
040401018001201906
040401018007201906
040401019901201906
040401019907201906
040401020201201906
040401020207201906
040401021001201906
040401021007201906
040401021009201906
040401022901201906
040401022907201906
040401022909201906
040401023701201906
040401023707201906
040401023709201906
040401028801201906
040401028807201906
040401028809201906
040401031801201906
040401031807201906
040401031809201906
040401032601201906
040401032607201906
040401032609201906
040401033401201906
040401033407201906
040401033409201906
040401035001201906
040401035007201906
040401035009201906
040401037701201906
040401037707201906
040401037709201906
040401038501201906
040401038507201906
040401038509201906
040401040701201906
040401040707201906
040401040709201906
040401041501201906
040401041507201906
040401041509201906
040401043101201906
040401043107201906
040401045801201906
040401045807201906
040401046601201906
040401046607201906
040401046609201906
040401047401201906
040401047407201906
040401047409201906
040401048201201906
040401048207201906
040401048209201906
040401049001201906
040401049007201906
040401049009201906
040401050401201906
040401050407201906
040401050409201906
040401051201201906
040401051207201906
040401051209201906
040401052001201906
040401052007201906
040401052009201906
040401053901201906
040401053907201906
040401053909201906
040401054701201906
040401054707201906
040401055501201906
040401055507201906
040401055509201906
040401056301201906
040401056309201906
040401057101201906
040401057107201906
040401058001201906
040401058007201906
040401059801201906
040401059807201906
040401060101201906
040401060107201906
040401061001201906
040401061007201906
040401062801201906
040401062807201906
040401063601201906
040401063607201906
040401064401201906
040401064407201906
040401065201201906
040401065207201906
040402001101201906
040402001107201906
040402001109201906
040402003801201906
040402003807201906
040402003809201906
040402004601201906
040402004607201906
040402004609201906
040402006201201906
040402006207201906
040402007001201906
040402007007201906
040402007009201906
040402008901201906
040402008907201906
040402008909201906
040402010001201906
040402010003201906
040402010007201906
040402010009201906
040402011901201906
040402011907201906
040402011909201906
040402013501201906
040402013507201906
040402014301201906
040402014307201906
040402014309201906
040402017801201906
040402017807201906
040402020801201906
040402020807201906
040402020809201906
040402022401201906
040402022407201906
040402023201201906
040402023207201906
040402023209201906
040402024001201906
040402024007201906
040402024009201906
040402027501201906
040402027507201906
040402029101201906
040402029107201906
040402031301201906
040402031307201906
040402031309201906
040402032101201906
040402032107201906
040402032109201906
040402034801201906
040402034807201906
040402034809201906
040402035601201906
040402035607201906
040402035609201906
040402038001201906
040402038007201906
040402039901201906
040402039907201906
040402039909201906
040402042901201906
040402042907201906
040402042909201906
040402045301201906
040402045307201906
040402045309201906
040402046101201906
040402046107201906
040402046109201906
040402047001201906
040402047007201906
040402047009201906
040402048801201906
040402048807201906
040402048809201906
040402049601201906
040402049607201906
040402050001201906
040402050007201906
040402051801201906
040402051807201906
040402051809201906
040402052601201906
040402052607201906
040402053401201906
040402053407201906
040402054201201906
040402054207201906
040402054209201906
040402055001201906
040402055007201906
040402056901201906
040402056907201906
040402056909201906
040402057701201906
040402057707201906
040402057709201906
040402058501201906
040402058507201906
040402059301201906
040402059307201906
040402060701201906
040402060707201906
040402064001201906
040402064007201906
040402064009201906
040402065801201906
040402065807201906
040402065809201906
040402066601201906
040402066607201906
040402066609201906
040402069001201906
040402069007201906
040402070401201906
040402070407201906
040402071201201906
040402071207201906
040402071209201906
040402072001201906
040402072007201906
040402073901201906
040402073907201906
040402077101201906
040402077107201906
040402077109201906
040402078001201906
040402078007201906
040403001701201906
040403001707201906
040403001709201906
040403003301201906
040403003307201906
040403004101201906
040403004107201906
040403004109201906
040403005001201906
040403005007201906
040403005009201906
040403006801201906
040403006807201906
040403006809201906
040403007601201906
040403007607201906
040403007609201906
040403008401201906
040403008407201906
040403008409201906
040403010601201906
040403010607201906
040403010609201906
040403012201201906
040403012207201906
040403012209201906
040403013001201906
040403013007201906
040403013009201906
040403015701201906
040403015707201906
040403015709201906
040403016501201906
040403016507201906
040403016509201906
040403017301201906
040403017307201906
040403017309201906
040403019001201906
040403019007201906
040403019009201906
040403022001201906
040403022007201906
040403022009201906
040403024601201906
040403024607201906
040403024609201906
040403025401201906
040403025407201906
040403025409201906
040403026201201906
040403026207201906
040403026209201906
040403027001201906
040403027007201906
040403027009201906
040403028901201906
040403028907201906
040403029701201906
040403029707201906
040403030001201906
040403030007201906
040403031901201906
040403031907201906
040403031909201906
040403032701201906
040403032707201906
040501001001201906
040501001007201906
040501001009201906
040501002801201906
040501002807201906
040501002809201906
040501003601201906
040501003607201906
040501003609201906
040501007901201906
040501007907201906
040501007909201906
040501008701201906
040501008707201906
040501008709201906
040501011701201906
040501011707201906
040501011709201906
040501012501201906
040501012507201906
040501012509201906
040501013301201906
040501013307201906
040501013309201906
040501015001201906
040501015007201906
040501015009201906
040501017601201906
040501017607201906
040501017609201906
040502001501201906
040502001507201906
040502001509201906
040502002301201906
040502002307201906
040502002309201906
040503001001201906
040503001007201906
040503001009201906
040503002901201906
040503002907201906
040503002909201906
040503007001201906
040503007007201906
040503007009201906
040503009601201906
040503009607201906
040503009609201906
040503011801201906
040503011807201906
040503011809201906
040503013401201906
040503013407201906
040503013409201906
040503014201201906
040503014207201906
040503014209201906
040503016901201906
040503016907201906
040503016909201906
040503017701201906
040503017707201906
040503017709201906
040503018501201906
040503018507201906
040503019301201906
040503019307201906
040503020701201906
040503020707201906
040503020709201906
040504001601201906
040504001607201906
040504001609201906
040504002401201906
040504002407201906
040504002409201906
040504004001201906
040504004007201906
040504004009201906
040504005901201906
040504005907201906
040504005909201906
040504006701201906
040504006707201906
040504006709201906
040504007501201906
040504007507201906
040504007509201906
040504008301201906
040504008307201906
040504008309201906
040504009101201906
040504009107201906
040504009109201906
040504010501201906
040504010507201906
040504010509201906
040504014801201906
040504014807201906
040504014809201906
040504015601201906
040504015607201906
040504015609201906
040504016401201906
040504016407201906
040504016409201906
040504018001201906
040504018007201906
040504020201201906
040504020207201906
040504020209201906
040504021001201906
040504021007201906
040504021009201906
040505001101201906
040505001107201906
040505001109201906
040505004601201906
040505004607201906
040505004609201906
040505005401201906
040505005407201906
040505005409201906
040505009701201906
040505009707201906
040505009709201906
040505010001201906
040505010007201906
040505010009201906
040505011901201906
040505011907201906
040505011909201906
040505013501201906
040505013507201906
040505013509201906
040505014301201906
040505014307201906
040505014309201906
040505015101201906
040505015107201906
040505015109201906
040505018601201906
040505018607201906
040505018609201906
040505021601201906
040505021607201906
040505021609201906
040505022401201906
040505022407201906
040505022409201906
040505023201201906
040505023207201906
040505023209201906
040505031301201906
040505031307201906
040505031309201906
040505032101201906
040505032107201906
040505032109201906
040505035601201906
040505035607201906
040505035609201906
040505037201201906
040505037207201906
040505037209201906
040505038001201906
040505038007201906
040505038009201906
040505039901201906
040505039907201906
040505039909201906
040505040201201906
040505040209201906
040601001301201906
040601001307201906
040601002101201906
040601003001201906
040601004801201906
040601005601201906
040601006401201906
040601007201201906
040601007207201906
040601008001201906
040601009901201906
040601010201201906
040601010207201906
040601011001201906
040601011007201906
040601013701201906
040601013707201906
040601015301201906
040601015307201906
040601016101201906
040601017001201906
040601017007201906
040601018801201906
040601019601201906
040601019607201906
040601020001201906
040601020007201906
040601021801201906
040601021807201906
040601022601201906
040601022607201906
040601023401201906
040601024201201906
040601025001201906
040601025007201906
040601026901201906
040601026907201906
040601027701201906
040601027707201906
040601028501201906
040601028507201906
040601029301201906
040601030701201906
040601031501201906
040601032301201906
040601033101201906
040601033107201906
040601034001201906
040601035801201906
040601036601201906
040601036607201906
040601037401201906
040601037407201906
040601038201201906
040601039001201906
040601039007201906
040601040401201906
040601041201201906
040601041207201906
040601042001201906
040601042007201906
040601043901201906
040601044701201906
040601044707201906
040601045501201906
040601046301201906
040601046307201906
040601047101201906
040601047107201906
040601048001201906
040601049801201906
040601049807201906
040601050101201906
040601051001201906
040601051007201906
040601052801201906
040601052807201906
040601053601201906
040601054401201906
040601055201201906
040601056001201906
040601056007201906
040601056009201906
040601057901201906
040601058701201906
040601058709201906
040601059501201906
040601060901201906
040601061701201906
040601062501201906
040601063301201906
040601063309201906
040601064101201906
040601064107201906
040601064109201906
040601065001201906
040601065009201906
040601066801201906
040601066807201906
040601066809201906
040601067601201906
040601067607201906
040601067609201906
040601068401201906
040601068407201906
040601068409201906
040601069201201906
040601069207201906
040601070601201906
040601071401201906
040601071407201906
040601071409201906
040601073001201906
040601075701201906
040601075707201906
040601076501201906
040601076507201906
040601077301201906
040601077307201906
040601078101201906
040601078107201906
040601079001201906
040601079009201906
040601080301201906
040601080307201906
040601081101201906
040601082001201906
040601082007201906
040601083801201906
040601084601201906
040601085401201906
040601085409201906
040601086201201906
040601086209201906
040601087001201906
040601087009201906
040601088901201906
040601089701201906
040601090001201906
040601090007201906
040601091901201906
040601091907201906
040601091909201906
040601092701201906
040601093501201906
040601094301201906
040601095101201906
040601096001201906
040601096003201906
040601096007201906
040601097801201906
040601097803201906
040601097807201906
040601098601201906
040601099401201906
040601100101201906
040601100109201906
040601101001201906
040601101009201906
040601102801201906
040601102809201906
040601103601201906
040601103609201906
040601104401201906
040601104407201906
040601104409201906
040601105201201906
040601105209201906
040601107901201906
040601108701201906
040601108709201906
040601109501201906
040601109509201906
040601110901201906
040601110909201906
040601111701201906
040601111709201906
040601112501201906
040601112509201906
040601113301201906
040601113307201906
040601113309201906
040601114101201906
040601114109201906
040601115001201906
040601115007201906
040601115009201906
040601116801201906
040601116809201906
040601117601201906
040601117609201906
040601118401201906
040601118409201906
040601119201201906
040601119209201906
040601120601201906
040601121401201906
040601121407201906
040601122201201906
040601122207201906
040601123001201906
040601124901201906
040601125701201906
040601126501201906
040601126507201906
040601127301201906
040601127307201906
040601128101201906
040601128107201906
040601129001201906
040601129007201906
040601130301201906
040601130307201906
040601131101201906
040601131107201906
040601132001201906
040601132007201906
040601133801201906
040601133807201906
040601134601201906
040601134607201906
040601135401201906
040601135407201906
040601136201201906
040601136207201906
040601137001201906
040601137007201906
040601138901201906
040601138907201906
040601139701201906
040601139707201906
040601140001201906
040601140007201906
040601141901201906
040601141907201906
040601142701201906
040601142707201906
040601143501201906
040601143507201906
040601144301201906
040601144307201906
040601145101201906
040601145107201906
040601146001201906
040601146007201906
040601147801201906
040601147807201906
040601148601201906
040601148607201906
040601149401201906
040601149407201906
040601150801201906
040601150807201906
040601151601201906
040601151607201906
040602001901201906
040602001907201906
040602002701201906
040602002707201906
040602003501201906
040602003507201906
040602004301201906
040602004307201906
040602005101201906
040602005107201906
040602007801201906
040602007807201906
040602007809201906
040602010801201906
040602011601201906
040602011607201906
040602011609201906
040602012401201906
040602012407201906
040602015901201906
040602015907201906
040602015909201906
040602016701201906
040602016707201906
040602016709201906
040602019101201906
040602019107201906
040602021301201906
040602022101201906
040602023001201906
040602024801201906
040602024807201906
040602025601201906
040602025607201906
040602026401201906
040602026407201906
040602027201201906
040602027207201906
040602028001201906
040602028007201906
040602030201201906
040602030207201906
040602031001201906
040602031007201906
040602032901201906
040602032907201906
040602033701201906
040602033707201906
040602034501201906
040602034507201906
040602035301201906
040602035307201906
040602036101201906
040602036107201906
040602037001201906
040602037007201906
040602038801201906
040602038807201906
040602039601201906
040602039607201906
040602040001201906
040602040007201906
040602041801201906
040602041807201906
040602042601201906
040602042607201906
040602043401201906
040602043407201906
040602044201201906
040602044207201906
040602045001201906
040602046901201906
040602046907201906
040602047701201906
040602047707201906
040602048501201906
040602048507201906
040602049301201906
040602049307201906
040602050701201906
040602050707201906
040602051501201906
040602051507201906
040602052301201906
040602053101201906
040602053107201906
040602054001201906
040602054007201906
040602055801201906
040602055807201906
040602056601201906
040602056607201906
040602056609201906
040602057401201906
040602057407201906
040602057409201906
040602058201201906
040602058207201906
040602059001201906
040602059007201906
040602060401201906
040602060407201906
040602060409201906
040602062001201906
040602062003201906
040602062007201906
040602062009201906
040603001401201906
040603002201201906
040603003001201906
040603004901201906
040603005701201906
040603005707201906
040603006501201906
040603007301201906
040603008101201906
040603008107201906
040603009001201906
040603009007201906
040603010301201906
040603010307201906
040603011101201906
040603011107201906
040603012001201906
040603012007201906
040603013801201906
040603013807201906
040603014601201906
040603014607201906
040604001001201906
040604001007201906
040604002801201906
040604002807201906
040604004401201906
040604004407201906
040604005201201906
040604005207201906
040604006001201906
040604006007201906
040604007901201906
040604007907201906
040604008701201906
040604009501201906
040604010901201906
040604010907201906
040604011701201906
040604011707201906
040604012501201906
040604012507201906
040604013301201906
040604014101201906
040604014107201906
040604015001201906
040604016801201906
040604017601201906
040604018401201906
040604019201201906
040604019207201906
040604020601201906
040604020607201906
040604020609201906
040604021401201906
040604021407201906
040604022201201906
040604022207201906
040604023001201906
040604023007201906
040604024901201906
040604024907201906
040604025701201906
040604025707201906
040604025709201906
040604026501201906
040604026507201906
040604027301201906
040604027307201906
040604027309201906
040604028101201906
040604029001201906
040604029007201906
040604029009201906
040604030301201906
040604030307201906
040604030309201906
040604031101201906
040604031107201906
040604031109201906
040604032001201906
040604032007201906
040604033801201906
040604033807201906
040605001501201906
040605001507201906
040605001509201906
040605002301201906
040605002307201906
040605002309201906
040605003101201906
040605003107201906
040605003109201906
040605004001201906
040605004007201906
040605004009201906
040605005801201906
040605005807201906
040605005809201906
040605006601201906
040605006607201906
040605006609201906
040605007401201906
040605007407201906
040605007409201906
040605008201201906
040605008207201906
040605008209201906
040605009001201906
040605009007201906
040605010401201906
040605010407201906
040605011201201906
040605012001201906
040605012007201906
040605012009201906
040605013901201906
040605013907201906
040605013909201906
040701001701201906
040701001707201906
040701003301201906
040701003307201906
040701004101201906
040701005001201906
040701005007201906
040701006801201906
040701006807201906
040701007601201906
040701008401201906
040701008407201906
040701009201201906
040701009207201906
040701010601201906
040701010607201906
040701011401201906
040701011407201906
040701012201201906
040701013001201906
040701014901201906
040701015701201906
040701015707201906
040701016501201906
040701016507201906
040701017301201906
040701018101201906
040701019001201906
040701019007201906
040701020301201906
040701020307201906
040701021101201906
040701021107201906
040701021109201906
040701022001201906
040701022007201906
040701022009201906
040701023801201906
040701023807201906
040701027001201906
040701027007201906
040701028901201906
040701029701201906
040701029707201906
040701030001201906
040701033501201906
040701033507201906
040701034301201906
040701034307201906
040701035101201906
040701035107201906
040701036001201906
040701037801201906
040701038601201906
040702001201201906
040702002001201906
040702003901201906
040702003907201906
040702004701201906
040702004707201906
040702006301201906
040702006307201906
040702007101201906
040702007107201906
040702008001201906
040702008007201906
040702009801201906
040702009807201906
040702010101201906
040702010107201906
040702011001201906
040702011007201906
040702011009201906
040702013601201906
040702013607201906
040702013609201906
040702014401201906
040702014407201906
040702014409201906
040702015201201906
040702015207201906
040702017901201906
040702017907201906
040702018701201906
040702018707201906
040702019501201906
040702019507201906
040702020901201906
040702020907201906
040702021701201906
040702021709201906
040702022501201906
040702022507201906
040702022509201906
040702023301201906
040702023307201906
040702024101201906
040702024107201906
040702025001201906
040702025007201906
040702026801201906
040702026807201906
040702026809201906
040702027601201906
040702027607201906
040702027609201906
040702028401201906
040702028407201906
040702028409201906
040702029201201906
040702029207201906
040702030601201906
040702030607201906
040702032201201906
040702032207201906
040702032209201906
040702033001201906
040702034901201906
040702035701201906
040702036501201906
040702036507201906
040702038101201906
040702038107201906
040702040301201906
040702040307201906
040702041101201906
040702041107201906
040702042001201906
040702042007201906
040702043801201906
040702043807201906
040702044601201906
040702044607201906
040702045401201906
040702045407201906
040702045409201906
040702046201201906
040702046207201906
040702047001201906
040702047007201906
040702047009201906
040703001801201906
040703001807201906
040703002601201906
040703002607201906
040703003401201906
040703003407201906
040703003409201906
040703004201201906
040703004207201906
040703005001201906
040703005007201906
040703006901201906
040703006907201906
040703007701201906
040703007707201906
040703007709201906
040703012301201906
040703012307201906
040703013101201906
040703013107201906
040703014001201906
040703014007201906
040703015801201906
040703015807201906
040703016601201906
040703016607201906
040703017401201906
040703017407201906
040703018201201906
040703018207201906
040703019001201906
040703019007201906
040703020401201906
040703021201201906
040703022001201906
040703024701201906
040704001301201906
040704001307201906
040704002101201906
040704002107201906
040704003001201906
040704003007201906
040704004801201906
040704004807201906
040704005601201906
040704005607201906
040704006401201906
040704006407201906
040704006409201906
040704007201201906
040704007207201906
040704007209201906
040704008001201906
040704008007201906
040704008009201906
040704009901201906
040704009907201906
040704009909201906
040704010201201906
040704010207201906
040704010209201906
040704011001201906
040704011007201906
040704011009201906
040704012901201906
040704012907201906
040704012909201906
040704013701201906
040704013707201906
040704013709201906
040704014501201906
040704014507201906
040704014509201906
040704015301201906
040704015307201906
040704015309201906
040704016101201906
040704016107201906
040704017001201906
040704017007201906
040704017009201906
040704018801201906
040704018807201906
040704020001201906
040704020007201906
040704022601201906
040704022607201906
040704022609201906
040704023401201906
040704023407201906
040704024201201906
040704024207201906
040704025001201906
040704025007201906
040704026901201906
040704026907201906
040801001001201906
040801001007201906
040801002901201906
040801002907201906
040801003701201906
040801003707201906
040801004501201906
040801005301201906
040801006101201906
040801007001201906
040801007007201906
040801008801201906
040801008807201906
040801009601201906
040801009607201906
040801009609201906
040801010001201906
040801010007201906
040801010009201906
040801011801201906
040801011807201906
040801011809201906
040801013401201906
040801013407201906
040801013409201906
040801014201201906
040801014207201906
040801014209201906
040801015001201906
040801015007201906
040801015009201906
040801016901201906
040801016907201906
040801017701201906
040801017707201906
040801018501201906
040801018507201906
040801018509201906
040801019301201906
040801019307201906
040801020701201906
040801020707201906
040801020709201906
040801021501201906
040801021509201906
040801022301201906
040801022307201906
040801022309201906
040801023101201906
040801023109201906
040802001601201906
040802001607201906
040802002401201906
040802002407201906
040802003201201906
040802003207201906
040802004001201906
040802005901201906
040802006701201906
040802007501201906
040802008301201906
040802009101201906
040802010501201906
040802010507201906
040802010509201906
040802011301201906
040802011307201906
040802012101201906
040802012107201906
040802012109201906
040802013001201906
040802013007201906
040802014801201906
040802014807201906
040802014809201906
040802015601201906
040802015607201906
040802016401201906
040802016407201906
040802016409201906
040802017201201906
040802017207201906
040802017209201906
040802018001201906
040802018007201906
040802018009201906
040802019901201906
040802019907201906
040802019909201906
040802020201201906
040802020207201906
040802020209201906
040802021001201906
040802021007201906
040802022901201906
040802022907201906
040802022909201906
040802024501201906
040802024507201906
040802024509201906
040802025301201906
040802025307201906
040802026101201906
040802026107201906
040802027001201906
040802027007201906
040802028801201906
040802028807201906
040802029601201906
040802029607201906
040802029609201906
040802030001201906
040802030007201906
040802030009201906
040802031801201906
040802031807201906
040802031809201906
040802032601201906
040802032607201906
040802032609201906
040802033401201906
040802033407201906
040802034201201906
040802034207201906
040802034209201906
040802035001201906
040802035007201906
040802036901201906
040802036907201906
040802037701201906
040802037707201906
040802037709201906
040802038501201906
040802038507201906
040802039301201906
040802039307201906
040802040701201906
040802040707201906
040802041501201906
040802041507201906
040802042301201906
040802042307201906
040802043101201906
040802043107201906
040802044001201906
040802044007201906
040802044009201906
040802045801201906
040802045807201906
040802046601201906
040802046607201906
040802047401201906
040802047407201906
040802047409201906
040802048201201906
040802048207201906
040802048209201906
040802049001201906
040802049007201906
040802049009201906
040802050401201906
040802050407201906
040802050409201906
040802051201201906
040802051207201906
040802051209201906
040802052001201906
040802052007201906
040802052009201906
040802053901201906
040802053907201906
040802053909201906
040802054701201906
040802054707201906
040802055501201906
040802055507201906
040802055509201906
040802056301201906
040802056307201906
040802057101201906
040802057107201906
040802058001201906
040802058007201906
040802059801201906
040802059807201906
040802059809201906
040802060101201906
040802060107201906
040802060109201906
040802061001201906
040802061007201906
040802061009201906
040802062801201906
040802062807201906
040802062809201906
040802063601201906
040802063607201906
040802063609201906
040802064401201906
040802064407201906
040802064409201906
040803001101201906
040803001107201906
040803002001201906
040803002007201906
040803003801201906
040803003807201906
040803004601201906
040803005401201906
040803005407201906
040803006201201906
040803006207201906
040803007001201906
040803007007201906
040803008901201906
040803008907201906
040803009701201906
040803009707201906
040803010001201906
040803010007201906
040803011901201906
040803011907201906
040803012701201906
040803012707201906
040803013501201906
040803014301201906
040803015101201906
040803016001201906
040803017801201906
040803017807201906
040803018601201906
040803019401201906
040803020801201906
040803021601201906
040803022401201906
040803023201201906
040803023207201906
040803024001201906
040803024007201906
040803025901201906
040803025907201906
040803026701201906
040803026707201906
040803027501201906
040803027507201906
040803028301201906
040803028307201906
040803029101201906
040803029107201906
040803030501201906
040803030507201906
040803031301201906
040803031307201906
040803032101201906
040803032107201906
040803033001201906
040803033007201906
040803034801201906
040803034807201906
040803035601201906
040803036401201906
040803036407201906
040803037201201906
040803037207201906
040803038001201906
040803038007201906
040803039901201906
040803039907201906
040803040201201906
040803040207201906
040803041001201906
040803041007201906
040803042901201906
040803042907201906
040803043701201906
040803043707201906
040803044501201906
040803044507201906
040803045301201906
040803045307201906
040803046101201906
040803046107201906
040803047001201906
040803047007201906
040803050001201906
040803050007201906
040803051801201906
040803051807201906
040803052601201906
040803052607201906
040803053401201906
040803053407201906
040803054201201906
040803054207201906
040803055001201906
040803055007201906
040803056901201906
040803056907201906
040803057701201906
040803057707201906
040803058501201906
040803058507201906
040803059301201906
040803059307201906
040803060701201906
040803060707201906
040803061501201906
040803061507201906
040803062301201906
040803062307201906
040803063101201906
040803063107201906
040803064001201906
040803064007201906
040803065801201906
040803065807201906
040803066601201906
040803066607201906
040803067401201906
040803067407201906
040803068201201906
040803068207201906
040803069001201906
040803069007201906
040803070401201906
040803071201201906
040803071207201906
040803072001201906
040803072007201906
040803073901201906
040803073907201906
040803074701201906
040803074707201906
040803075501201906
040803075507201906
040803075509201906
040803076301201906
040803076307201906
040803077101201906
040803077107201906
040803078001201906
040803079801201906
040803080101201906
040803080107201906
040803081001201906
040803081007201906
040803082801201906
040803082807201906
040803083601201906
040803083607201906
040803084401201906
040803084407201906
040803085201201906
040803085207201906
040803086001201906
040803086007201906
040803087901201906
040803087907201906
040803088701201906
040803088707201906
040803089501201906
040803089507201906
040803090901201906
040803090907201906
040803091701201906
040803091707201906
040804001701201906
040804001707201906
040804002501201906
040804002507201906
040804003301201906
040804003307201906
040804004101201906
040804004107201906
040804005001201906
040804006801201906
040804007601201906
040804008401201906
040804009201201906
040804010601201906
040804010607201906
040804011401201906
040804011407201906
040804012201201906
040804012207201906
040804013001201906
040804013007201906
040804014901201906
040804014907201906
040804015701201906
040804015707201906
040804016501201906
040804016507201906
040804017301201906
040804017307201906
040804018101201906
040804018107201906
040804018109201906
040804019001201906
040804019007201906
040804019009201906
040804020301201906
040804020307201906
040804022001201906
040804022007201906
040804023801201906
040804023807201906
040804024601201906
040804024607201906
040804025401201906
040804025407201906
040804026201201906
040804026207201906
040804027001201906
040804027007201906
040804028901201906
040804028907201906
040804029701201906
040804029707201906
040804030001201906
040804030007201906
040804031901201906
040804031907201906
040804032701201906
040804032707201906
040804033501201906
040804033507201906
040804034301201906
040804034307201906
040805001201201906
040805001207201906
040805002001201906
040805002007201906
040805003901201906
040805003907201906
040805004701201906
040805004707201906
040805005501201906
040805006301201906
040805007101201906
040805008001201906
040805008007201906
040805010101201906
040805010107201906
040805011001201906
040805011007201906
040805012801201906
040805012807201906
040805013601201906
040805013607201906
040805014401201906
040805014407201906
040805014409201906
040805015201201906
040805015207201906
040805016001201906
040805016007201906
040805016009201906
040805017901201906
040805017907201906
040805019501201906
040805019507201906
040805019509201906
040805020901201906
040805020907201906
040805020909201906
040805021701201906
040805021707201906
040805021709201906
040805022501201906
040805022507201906
040805022509201906
040805023301201906
040805023307201906
040805024101201906
040805024107201906
040805024109201906
040805025001201906
040805025007201906
040805025009201906
040805026801201906
040805026807201906
040805026809201906
040805027601201906
040805027607201906
040805027609201906
040805028401201906
040805028407201906
040805028409201906
040805029201201906
040805029207201906
040805029209201906
040805030601201906
040805030607201906
040805031401201906
040805031407201906
040805032201201906
040805032207201906
040805032209201906
040805033001201906
040805033007201906
040805034901201906
040805034907201906
040805034909201906
040805035701201906
040805035707201906
040805035709201906
040805036501201906
040805036507201906
040805037301201906
040805037307201906
040805037309201906
040805038101201906
040805038107201906
040805039001201906
040805039007201906
040805039009201906
040805040301201906
040805041101201906
040805041107201906
040805042001201906
040805042007201906
040805043801201906
040805043807201906
040805044601201906
040805044607201906
040805044609201906
040805045401201906
040805045407201906
040805046201201906
040805046207201906
040805047001201906
040805047007201906
040805048901201906
040805048907201906
040805049701201906
040805049707201906
040805050001201906
040805050007201906
040805051901201906
040805051907201906
040805052701201906
040805052707201906
040805053501201906
040805053507201906
040805054301201906
040805054307201906
040805055101201906
040805055107201906
040805056001201906
040805056007201906
040805057801201906
040805057807201906
040805058601201906
040805058607201906
040805059401201906
040805059407201906
040805060801201906
040805060807201906
040805061601201906
040805061607201906
040805062401201906
040805062407201906
040805063201201906
040805063207201906
040805064001201906
040805064007201906
040805064009201906
040805065901201906
040805065907201906
040805065909201906
040805066701201906
040805066709201906
040805067501201906
040805067507201906
040805068301201906
040805068307201906
040805069101201906
040805069107201906
040805069109201906
040805070501201906
040805070507201906
040805071301201906
040805071307201906
040805072101201906
040805072107201906
040805073001201906
040805073007201906
040805073009201906
040805074801201906
040805074807201906
040805074809201906
040805075601201906
040805075607201906
040805075609201906
040805076401201906
040805076407201906
040805076409201906
040805077201201906
040805077207201906
040805078001201906
040805078007201906
040805079901201906
040805079907201906
040805080201201906
040805080207201906
040805081001201906
040805081007201906
040805082901201906
040805082907201906
040805082909201906
040805083701201906
040805083707201906
040805084501201906
040805084507201906
040805085301201906
040805085307201906
040805086101201906
040805086107201906
040805087001201906
040805087007201906
040805088801201906
040805088807201906
040805088809201906
040805089601201906
040805089607201906
040805089609201906
040805090001201906
040805091801201906
040805091807201906
040805091809201906
040805092601201906
040805092607201906
040805092609201906
040806001801201906
040806001807201906
040806001809201906
040806002601201906
040806002607201906
040806003401201906
040806003407201906
040806004201201906
040806004207201906
040806004209201906
040806005001201906
040806005007201906
040806005009201906
040806006901201906
040806006907201906
040806007701201906
040806007707201906
040806008501201906
040806008507201906
040806008509201906
040806009301201906
040806009307201906
040806010701201906
040806010707201906
040806011501201906
040806011507201906
040806011509201906
040806012301201906
040806012307201906
040806012309201906
040806013101201906
040806013107201906
040806013109201906
040806014001201906
040806014007201906
040806014009201906
040806015801201906
040806015807201906
040806015809201906
040806016601201906
040806016607201906
040806017401201906
040806017407201906
040806018201201906
040806018207201906
040806019001201906
040806019007201906
040806020401201906
040806020407201906
040806020409201906
040806021201201906
040806021207201906
040806021209201906
040806023901201906
040806023907201906
040806024701201906
040806024707201906
040806025501201906
040806025507201906
040806026301201906
040806026307201906
040806027101201906
040806027107201906
040806028001201906
040806028007201906
040806029801201906
040806029807201906
040806029809201906
040806030101201906
040806030107201906
040806030109201906
040806031001201906
040806031007201906
040806031009201906
040806032801201906
040806032807201906
040806032809201906
040806033601201906
040806033607201906
040806033609201906
040806034401201906
040806034407201906
040806034409201906
040806035201201906
040806035207201906
040806035209201906
040806036001201906
040806036007201906
040806036009201906
040806037901201906
040806037907201906
040806037909201906
040806038701201906
040806038707201906
040806039501201906
040806039507201906
040806039509201906
040806040901201906
040806040907201906
040806040909201906
040806041701201906
040806041707201906
040806041709201906
040806042501201906
040806042507201906
040806042509201906
040806043301201906
040806043307201906
040806043309201906
040806044101201906
040806044107201906
040806044109201906
040806045001201906
040806045007201906
040806045009201906
040806046801201906
040806046807201906
040806046809201906
040806047601201906
040806047607201906
040806047609201906
040806048401201906
040806048407201906
040806048409201906
040806049201201906
040806049207201906
040806050601201906
040806050607201906
040806051401201906
040806051407201906
040806052201201906
040806052207201906
040806053001201906
040806053007201906
040806053009201906
040806054901201906
040806054907201906
040806054909201906
040806055701201906
040806055707201906
040806056501201906
040806056507201906
040806056509201906
040806057301201906
040806057307201906
040806057309201906
040806058101201906
040806058107201906
040806058109201906
040806059001201906
040806059007201906
040806060301201906
040806060307201906
040806060309201906
040806061101201906
040806062001201906
040806062007201906
040806063801201906
040806063807201906
040806063809201906
040806064601201906
040806064607201906
040806066201201906
040806066207201906
040806067001201906
040806067007201906
040806067009201906
040806069701201906
040806069707201906
040806070001201906
040806070007201906
040806070009201906
040901001401201906
040901001407201906
040901002201201906
040901002207201906
040901003001201906
040901003007201906
040901004901201906
040901004907201906
040901005701201906
040901005707201906
040901006501201906
040901006507201906
040901006509201906
040901007301201906
040901007307201906
040901008101201906
040901008107201906
040901009001201906
040901009007201906
040901009009201906
040901012001201906
040901012007201906
040901012009201906
040901013801201906
040901013807201906
040901014601201906
040901014607201906
040901014609201906
040901017001201906
040901017007201906
040901017009201906
040901018901201906
040901018907201906
040901019701201906
040901019707201906
040901020001201906
040901020007201906
040901021901201906
040901022701201906
040901022707201906
040901023501201906
040901023507201906
040901024301201906
040901024307201906
040901025101201906
040901025107201906
040901026001201906
040901026007201906
040901028601201906
040901028607201906
040901029401201906
040901029407201906
040901030801201906
040901030807201906
040901031601201906
040901031607201906
040901032401201906
040901032407201906
040901033201201906
040901033207201906
040901034001201906
040901034007201906
040901036701201906
040901036707201906
040901037501201906
040901037507201906
040901037509201906
040901038301201906
040901038307201906
040901038309201906
040901039101201906
040901039107201906
040901039109201906
040901040501201906
040901040507201906
040901041301201906
040901041307201906
040901043001201906
040901043007201906
040901043009201906
040901045601201906
040901045607201906
040901046401201906
040901046407201906
040901047201201906
040901047207201906
040901048001201906
040901048007201906
040901048009201906
040901049901201906
040901050201201906
040901050207201906
040901051001201906
040901051007201906
040901051009201906
040901052901201906
040901052907201906
040901053701201906
040901053707201906
040901054501201906
040901054507201906
040901055301201906
040901055307201906
040901056101201906
040901056107201906
040901057001201906
040901057007201906
040901058801201906
040901058807201906
040902001001201906
040902001007201906
040902001009201906
040902002801201906
040902002807201906
040902002809201906
040902004401201906
040902004407201906
040902004409201906
040902005201201906
040902005207201906
040902007901201906
040902007907201906
040902007909201906
040902008701201906
040902008707201906
040902008709201906
040902009501201906
040902009507201906
040902009509201906
040902010901201906
040902010907201906
040902010909201906
040902012501201906
040902012507201906
040902012509201906
040902013301201906
040902013307201906
040902013309201906
040902014101201906
040902014107201906
040902014109201906
040902015001201906
040902015007201906
040902015009201906
040902016801201906
040902016807201906
040902016809201906
040902017601201906
040902017607201906
040902017609201906
040903001501201906
040903001509201906
040903002301201906
040903003101201906
040903004001201906
040904001001201906
040904001007201906
040904001009201906
040904003701201906
040904003707201906
040904003709201906
040904004501201906
040904004507201906
040904005301201906
040904005307201906
040904005309201906
040904007001201906
040904007007201906
040904007009201906
040904008801201906
040904008807201906
040904008809201906
040904009601201906
040904009607201906
040904009609201906
040904011801201906
040904011807201906
040904011809201906
040904012601201906
040904012607201906
040904012609201906
040904013401201906
040904013407201906
040904013409201906
040904014201201906
040904014209201906
040904015001201906
040904015007201906
040904015009201906
040904016901201906
040904016907201906
040904016909201906
040904017701201906
040904017707201906
040904017709201906
040904018501201906
040904018507201906
040904018509201906
040904019301201906
040904019307201906
040904019309201906
040904020701201906
040904020707201906
040904020709201906
040904021501201906
040904021507201906
040904021509201906
040904022301201906
040904022309201906
040904023101201906
040904023107201906
040904023109201906
040904024001201906
040904024009201906
040905001601201906
040905001607201906
040905002401201906
040905002407201906
040905002409201906
040905003201201906
040905003209201906
040905004001201906
040905004007201906
040905004009201906
040905007501201906
040905007507201906
040905007509201906
040905008301201906
040905008307201906
040905008309201906
040905009101201906
040905009107201906
040905009109201906
040905010501201906
040905010507201906
040905010509201906
040905011301201906
040905011307201906
040905011309201906
040905013001201906
040905014801201906
040906001101201906
040906001102201906
040906001107201906
040906001109201906
040906002001201906
040906003801201906
040906003809201906
040906004601201906
040906004607201906
040906004609201906
040906005401201906
040906005402201906
040906005409201906
040906007001201906
040906007002201906
040906007009201906
040906010001201906
040906010007201906
040906011901201906
040906011907201906
040906012701201906
040906012707201906
040906013501201906
040906013507201906
040906014301201906
040906014307201906
040906015101201906
040906015107201906
040906016001201906
040906016007201906
040906017801201906
040906017807201906
040906017809201906
040906018601201906
040906018609201906
040906019401201906
040906019407201906
040906019409201906
040906020801201906
040906020807201906
040906020809201906
040906021601201906
040906021607201906
040906021609201906
040906022401201906
040906022407201906
040906022409201906
040906023201201906
040906023202201906
040906023207201906
040906023209201906
040906024001201906
040906024002201906
040906024007201906
040906024009201906
040906025901201906
040906025902201906
040906025907201906
040906025909201906
040906026701201906
040906026702201906
040906026707201906
040906026709201906
040906027501201906
040906027507201906
040906027509201906
040906028301201906
040906028307201906
040906029101201906
040907001701201906
040907001709201906
040907002501201906
040907002509201906
040907003301201906
040907003309201906
040907004101201906
040907004109201906
040907005001201906
040907006801201906
040907006809201906
040907007601201906
040907007609201906
040907008401201906
040907008409201906
040907009201201906
040907009207201906
040907009209201906
040907010601201906
040907010607201906
040907010609201906
040907011401201906
040907011407201906
040907013001201906
040907013007201906
040907013009201906
040907014901201906
040907014907201906
040907014909201906
040907015701201906
040907015707201906
040907015709201906
040907019001201906
040907019009201906
040907020301201906
040907021101201906
040907021107201906
040907022001201906
040907022007201906
040907022009201906
040907023801201906
040907023807201906
040907024601201906
040907024607201906
040907025401201906
040907025407201906
040907026201201906
040907026207201906
040907026209201906
040907027001201906
040907027009201906
040907028901201906
040907028907201906
040907028909201906
040907029701201906
040907030001201906
040907030009201906
041001001401201906
041001001407201906
041001001409201906
041001005701201906
041001006501201906
041001006507201906
041001006509201906
041001007301201906
041001007307201906
041001007309201906
041001008101201906
041001008107201906
041001008109201906
041001009001201906
041001009009201906
041001011101201906
041001011107201906
041001011109201906
041001012001201906
041001012007201906
041001013801201906
041001014601201906
041001015401201906
041001016201201906
041001019701201906
041001020001201906
041101001801201906
041101001802201906
041101001809201906
041101002601201906
041101002602201906
041101003401201906
041101003402201906
041101004201201906
041101004202201906
041101005001201906
041101005002201906
041101005009201906
041101007701201906
041101007702201906
041101007709201906
041101008501201906
041101008502201906
041102001301201906
041102001302201906
041102001309201906
041102002101201906
041102002102201906
041102002109201906
041102003001201906
041102003002201906
041102004801201906
041102004802201906
041201001101201906
041201001107201906
041201002001201906
041201002007201906
041201003801201906
041201003807201906
041201003809201906
041201004601201906
041201004607201906
041201004609201906
041201007001201906
041201007007201906
041201008901201906
041201008907201906
041201009701201906
041201009707201906
041201010001201906
041201010007201906
041201011901201906
041201011907201906
041201013501201906
041201013507201906
041201014301201906
041201014307201906
041202001701201906
041202001707201906
041202002501201906
041202002507201906
041202003301201906
041202003307201906
041202005001201906
041202005007201906
041202006801201906
041202006807201906
041202007601201906
041202007607201906
041202008401201906
041202008407201906
041203001201201906
041203001207201906
041203004701201906
041203004707201906
041203008001201906
041203008007201906
041203009801201906
041203009807201906
041203009809201906
041203010101201906
041203010107201906
041203011001201906
041203011007201906
041204001801201906
041204001807201906
041204001809201906
041204002601201906
041204002607201906
041204003401201906
041204003407201906
041204004201201906
041204004207201906
041204005001201906
041204005007201906
041204006901201906
041204006907201906
041204008501201906
041204008507201906
041204008509201906
041204010701201906
041204010707201906
041204011501201906
041204011507201906
041204012301201906
041204012307201906
041204013101201906
041204013107201906
041204015801201906
041204015807201906
041204016601201906
041204016607201906
041204017401201906
041204017407201906
041204018201201906
041204018207201906
041204019001201906
041204019007201906
041204020401201906
041204020407201906
041204021201201906
041204021207201906
041204022001201906
041204022007201906
041204022009201906
041205001301201906
041205001307201906
041205003001201906
041205003007201906
041205004801201906
041205004807201906
041205006401201906
041205006407201906
041205007201201906
041205007207201906
041205008001201906
041205008007201906
041205010201201906
041205010207201906
041205011001201906
041205011007201906
041205013701201906
041205013707201906
041205014501201906
041205014507201906
041205015301201906
041205015307201906
041205016101201906
041205016107201906
041301001501201906
041301001507201906
041301006601201906
041301008201201906
041301008207201906
041301009001201906
041301009007201906
041303001601201906
041303001607201906
041303001609201906
041303002401201906
041303002407201906
041303002409201906
041303003201201906
041303003209201906
041303005901201906
041303005907201906
041303005909201906
041303006701201906
041303006709201906
041303007501201906
041303007509201906
041303008301201906
041303008307201906
041303008309201906
041304002001201906
041304002007201906
041304003801201906
041304004601201906
041304005401201906
041304005409201906
041304006201201906
041304006209201906
041304007001201906
041304007009201906
041304008901201906
041304008909201906
041304009701201906
041304009707201906
041304010001201906
041304010007201906
041304011901201906
041304011907201906
041304011909201906
041304012701201906
041304012707201906
041304012709201906
041304013501201906
041304013507201906
041304013509201906
041304014301201906
041304014307201906
041304014309201906
041304015101201906
041304015107201906
041304015109201906
041304016001201906
041304016007201906
041304017801201906
041304017807201906
041304018601201906
041304018607201906
041304018609201906
041304019401201906
041304019407201906
041304019409201906
041304020801201906
041304020807201906
041304020809201906
041304021601201906
041304021607201906
041304021609201906
041304022401201906
041304022407201906
041304022409201906
041304023201201906
041304023207201906
041304023209201906
041304024001201906
041304024007201906
041304025901201906
041304025909201906
041304026701201906
041401002701201906
041401003501201906
041401025601201906
041401025607201906
041401025609201906
041401027201201906
041401027207201906
041401027209201906
041401032901201906
041401032907201906
041401032909201906
041401034501201906
041401034507201906
041401034509201906
041402002201201906
041402002203201906
041402002207201906
041402002209201906
041402003001201906
041402003003201906
041402003007201906
041402003009201906
041402004901201906
041402004903201906
041402004907201906
041402004909201906
041402005701201906
041402005703201906
041402005707201906
041402005709201906
041402006501201906
041402006503201906
041402006507201906
041402006509201906
041402007301201906
041402007303201906
041402007307201906
041402007309201906
041402008101201906
041402008103201906
041402008107201906
041402008109201906
041402009001201906
041402009003201906
041402009007201906
041402009009201906
041402014601201906
041402014603201906
041402014607201906
041402014609201906
041402015401201906
041402015403201906
041402015407201906
041402015409201906
041402016201201906
041402016203201906
041402016207201906
041402016209201906
041402020001201906
041402020003201906
041402020007201906
041402020009201906
041402021901201906
041402021903201906
041402021907201906
041402021909201906
041402024301201906
041402024303201906
041402024307201906
041402024309201906
041402027801201906
041402027803201906
041402027807201906
041402027809201906
041402029401201906
041402029403201906
041402029407201906
041402029409201906
041402036701201906
041402036703201906
041402036707201906
041402036709201906
041402037501201906
041402037503201906
041402037507201906
041402037509201906
041402041301201906
041402041303201906
041402041307201906
041402041309201906
041501001201201906
041501001207201906
041502001801201906
041502003401201906
041502003407201906
041502004201201906
041502004207201906
041502005001201906
041502005007201906
041502006901201906
041502006907201906
041502007701201906
041502007707201906
041503001301201906
041503001307201906
041504002701201906
041504002707201906
041504003501201906
041504003507201906
041601001601201906
041601001607201906
041601002401201906
041601002407201906
041601003201201906
041601003207201906
041601004001201906
041601004007201906
041601007501201906
041601007507201906
041601009101201906
041601009107201906
041601011301201906
041601011307201906
041601011309201906
041601012101201906
041601013001201906
041601016401201906
041601016407201906
041601017201201906
041601017207201906
041601017209201906
041601018001201906
041601018007201906
041601019901201906
041601019907201906
041601020201201906
041601020207201906
041601021001201906
041601021007201906
041601022901201906
041601022907201906
041602002001201906
041602002007201906
041602015101201906
041602015107201906
041602016001201906
041602016007201906
041602017801201906
041602017807201906
041602017809201906
041602018601201906
041602018607201906
041602018609201906
041602019401201906
041602019407201906
041602020801201906
041602020807201906
041602021601201906
041602021607201906
041602021609201906
041602022401201906
041602022407201906
041602023201201906
041602023207201906
041602024001201906
041602024007201906
041602024009201906
041602025901201906
041602025907201906
041603001701201906
041603001707201906
041603001709201906
041603002501201906
041603002507201906
041603002509201906
041603003301201906
041603003307201906
041603003309201906
041603004101201906
041603004107201906
041603004109201906
041603006801201906
041603006807201906
041603007601201906
041603008401201906
041603008407201906
041603009201201906
041603009207201906
041603014901201906
041603014907201906
041603014909201906
041603015701201906
041603015707201906
041603015709201906
041603016501201906
041603016507201906
041603017301201906
041603017307201906
041603018101201906
041603018107201906
041603019001201906
041603020301201906
041603020307201906
041603021101201906
041603021107201906
041603022001201906
041603022007201906
041603023801201906
041603023807201906
041603024601201906
041603024607201906
041603025401201906
041603026201201906
041603027001201906
041603027007201906
041603028901201906
041603029701201906
041603030001201906
041603030007201906
041603031901201906
041603031907201906
041603032701201906
041603032707201906
041603032709201906
041603033501201906
041603033507201906
041603033509201906
041603034301201906
041603034307201906
041603035101201906
041603035107201906
041603035109201906
041603036001201906
041603036007201906
041604001201201906
041604001207201906
041604002001201906
041604002007201906
041604003901201906
041604003907201906
041604004701201906
041604004707201906
041604005501201906
041604005507201906
041604007101201906
041604007107201906
041604010101201906
041604010107201906
041604011001201906
041604011007201906
041604012801201906
041604012807201906
041604014401201906
041604014407201906
041604017901201906
041604017909201906
041604018701201906
041604018709201906
041604019501201906
041604019509201906
041604020901201906
041604020907201906
041604021701201906
041604021707201906
041604022501201906
041604022507201906
041604023301201906
041604023307201906
041604024101201906
041604024107201906
041604025001201906
041604025007201906
041604026801201906
041604026807201906
041604027601201906
041604027607201906
041604028401201906
041605001801201906
041605001807201906
041605002601201906
041605002607201906
041605003401201906
041605003407201906
041605005001201906
041605005007201906
041605007701201906
041605007707201906
041605009301201906
041605009307201906
041605010701201906
041605010707201906
041605011501201906
041605011507201906
041606001301201906
041606001307201906
041606001309201906
041606002101201906
041606002107201906
041606003001201906
041606003007201906
041606005601201906
041606005607201906
041606006401201906
041606006407201906
041606008001201906
041606008007201906
041606009901201906
041606009907201906
041606010201201906
041606010207201906
041606011001201906
041606011007201906
041606012901201906
041606012907201906
041608001401201906
041608001407201906
041608001409201906
041608003001201906
041608003007201906
041608003009201906
041608008101201906
041608008107201906
041608009001201906
041608009007201906
041608011101201906
041608011107201906
041608012001201906
041608012007201906
041608012009201906
041609001001201906
041609001007201906
041609002801201906
041609002807201906
041609003601201906
041609003607201906
041609007901201906
041609007907201906
041609010901201906
041609010907201906
041609011701201906
041609011707201906
041609012501201906
041609012507201906
041609013301201906
041609013307201906
041611001001201906
041611001007201906
041611002901201906
041611002907201906
041611003701201906
041611003707201906
041611004501201906
041611004507201906
041611005301201906
041611005307201906
041611006101201906
041611006107201906
041611007001201906
041611007007201906
041611008801201906
041611008807201906
041612002401201906
041612003201201906
041612004001201906
041612004009201906
041612005901201906
041612005909201906
050103006901201906
050103006903201906
050103006907201906
050201001074201906
050201001075201906
050201001076201906
050201001077201906
050201001078201906
050201001079201906
050201002977201906
050201002978201906
050201002979201906
050201002980201906
050201002981201906
050201002982201906
050301001401201906
050301001403201906
050301001474201906
050301001475201906
050301001476201906
050301001477201906
050301001478201906
050301001479201906
050301001480201906
050301001481201906
050301001482201906
050301002201201906
050301002274201906
050301002275201906
050301002276201906
050301002277201906
050301002278201906
050301002279201906
050301002280201906
050301002281201906
050301002282201906
050302001001201906
050302002801201906
050303001574201906
050303001575201906
050303001576201906
050303001577201906
050303001578201906
050303001579201906
050303001580201906
050303001581201906
050303001582201906
050303002301201906
050303002374201906
050303002375201906
050303002376201906
050303002377201906
050303002378201906
050303002379201906
050303002380201906
050303002381201906
050303002382201906
050303003101201906
050303003174201906
050303003175201906
050303003176201906
050303003177201906
050303003178201906
050303003179201906
050303003180201906
050303003181201906
050303003182201906
050303004001201906
050303004074201906
050303004075201906
050303004076201906
050303004077201906
050303004078201906
050303004080201906
050303004081201906
050303004082201906
050303005801201906
050303005874201906
050303005875201906
050303005876201906
050303005877201906
050303005878201906
050303005879201906
050303005880201906
050303005881201906
050303005882201906
050303006601201906
050303006674201906
050303006675201906
050303006676201906
050303006677201906
050303006678201906
050303006679201906
050303006680201906
050303006681201906
050303006682201906
050303007401201906
050303007474201906
050303007475201906
050303007476201906
050303007477201906
050303007478201906
050303007479201906
050303007480201906
050303007481201906
050303007482201906
050303008201201906
050303008274201906
050303008275201906
050303008276201906
050303008277201906
050303008278201906
050303008279201906
050303008280201906
050303008281201906
050303008282201906
050303009001201906
050303009074201906
050303009075201906
050303009076201906
050303009077201906
050303009078201906
050303009079201906
050303009080201906
050303009081201906
050303009082201906
050303010401201906
050303010474201906
050303010475201906
050303010476201906
050303010477201906
050303010478201906
050303010479201906
050303010480201906
050303010481201906
050303010482201906
050304004574201906
050304004575201906
050304004576201906
050304004577201906
050304004578201906
050304004579201906
050304004580201906
050304004581201906
050304004582201906
050501001103201906
050501001107201906
050501002003201906
050501002007201906
050501003803201906
050501003807201906
050501004603201906
050501004607201906
050501005403201906
050501005407201906
050501006203201906
050501006207201906
050501007003201906
050501007007201906
050501008903201906
050501008907201906
050501009701201906
050501009707201906
050501009709201906
050501010001201906
050501010007201906
050501010009201906
050501011901201906
050501011907201906
050501011909201906
050501012701201906
050501012707201906
050501012709201906
050502004101201906
050502004107201906
050502005001201906
050502005007201906
050502006801201906
050502007601201906
050502008401201906
050502009201201906
050502010601201906
050502011401201906
050502011407201906
050502012201201906
050602001012201906
050602002912201906
050602003712201906
050602004503201906
050602004507201906
050602004509201906
050602004512201906
050602005301201906
050602005303201906
050602005307201906
050602006101201906
050602006103201906
050602006107201906
050602007001201906
050602007003201906
050602007007201906
050602008801201906
050602008803201906
050602008807201906
050602009601201906
050602009603201906
050602009607201906
050602010001201906
050602010003201906
050602010007201906
050602011801201906
050602011803201906
050602011807201906
070209005001201906
070209005007201906
070209006901201906
070209006907201906
080201006765201906
080201007579201906
080201008375201906
080201009176201906
080201010574201906
080201011383201906
080201012181201906
080201013082201906
080201014877201906
080201015678201906
080201016480201906
080201021085201906
080201022986201906
080201023792201906
080201024593201906
080201025387201906
080201026187201906
080201027087201906
